U_sym = [ Qs7 Qs12 Qs13 Qs15 Qs18 Qs26 Qs31 Qs37 Ql19 Ql21 Ql27 Ql34 Ql38  ]